START id=0
connected
S0_initial: W=81% B=0% G=13% BL=0% O=3% green=0% teal=2%
  samples: [(50, 50, 255, 255, 255), (256, 50, 255, 255, 255), (512, 50, 255, 255, 255), (768, 50, 255, 255, 255), (974, 50, 255, 255, 255), (50, 192, 255, 255, 255), (256, 192, 189, 190, 189), (512, 192, 255, 255, 255)]
closing all windows...
S1_cleared: W=98% B=0% G=0% BL=0% O=0% green=0% teal=0%
  samples: [(50, 50, 255, 255, 255), (256, 50, 255, 255, 255), (512, 50, 255, 255, 255), (768, 50, 255, 255, 255), (974, 50, 255, 255, 255), (50, 192, 255, 255, 255), (256, 192, 255, 255, 255), (512, 192, 255, 255, 255)]
opening Start menu...
S2_start_menu: W=94% B=0% G=4% BL=0% O=0% green=0% teal=0%
  samples: [(50, 50, 255, 255, 255), (256, 50, 255, 255, 255), (512, 50, 255, 255, 255), (768, 50, 255, 255, 255), (974, 50, 255, 255, 255), (50, 192, 255, 255, 255), (256, 192, 255, 255, 255), (512, 192, 255, 255, 255)]
selecting Run...
S3_run_dialog: W=94% B=0% G=4% BL=0% O=0% green=0% teal=0%
  samples: [(50, 50, 255, 255, 255), (256, 50, 255, 255, 255), (512, 50, 255, 255, 255), (768, 50, 255, 255, 255), (974, 50, 255, 255, 255), (50, 192, 255, 255, 255), (256, 192, 255, 255, 255), (512, 192, 255, 255, 255)]
typing path (51 keys)...
S4_path_typed: W=81% B=0% G=13% BL=0% O=3% green=0% teal=2%
  samples: [(50, 50, 255, 255, 255), (256, 50, 255, 255, 255), (512, 50, 255, 255, 255), (768, 50, 255, 255, 255), (974, 50, 255, 255, 255), (50, 192, 255, 255, 255), (256, 192, 189, 190, 189), (512, 192, 189, 190, 189)]
pressing Enter...
S5_after_enter_3s: W=98% B=0% G=0% BL=0% O=0% green=0% teal=0%
  samples: [(50, 50, 255, 255, 255), (256, 50, 255, 255, 255), (512, 50, 255, 255, 255), (768, 50, 255, 255, 255), (974, 50, 255, 255, 255), (50, 192, 255, 255, 255), (256, 192, 255, 255, 255), (512, 192, 255, 255, 255)]
S6_after_8s: W=94% B=0% G=3% BL=0% O=1% green=0% teal=0%
  samples: [(50, 50, 0, 125, 123), (256, 50, 255, 255, 255), (512, 50, 255, 255, 255), (768, 50, 255, 255, 255), (974, 50, 255, 255, 255), (50, 192, 0, 125, 123), (256, 192, 255, 255, 255), (512, 192, 255, 255, 255)]
S7_after_15s: W=94% B=0% G=3% BL=0% O=1% green=0% teal=0%
  samples: [(50, 50, 0, 125, 123), (256, 50, 255, 255, 255), (512, 50, 255, 255, 255), (768, 50, 255, 255, 255), (974, 50, 255, 255, 255), (50, 192, 0, 125, 123), (256, 192, 255, 255, 255), (512, 192, 255, 255, 255)]
S8_after_30s: W=94% B=0% G=3% BL=0% O=1% green=0% teal=0%
  samples: [(50, 50, 0, 125, 123), (256, 50, 255, 255, 255), (512, 50, 255, 255, 255), (768, 50, 255, 255, 255), (974, 50, 255, 255, 255), (50, 192, 0, 125, 123), (256, 192, 255, 255, 255), (512, 192, 255, 255, 255)]
esc for videos...
S9_after_esc: W=94% B=0% G=3% BL=0% O=1% green=0% teal=0%
  samples: [(50, 50, 0, 125, 123), (256, 50, 255, 255, 255), (512, 50, 255, 255, 255), (768, 50, 255, 255, 255), (974, 50, 255, 255, 255), (50, 192, 0, 125, 123), (256, 192, 255, 255, 255), (512, 192, 255, 255, 255)]
S10_after_click: W=94% B=0% G=3% BL=0% O=1% green=0% teal=0%
  samples: [(50, 50, 0, 125, 123), (256, 50, 255, 255, 255), (512, 50, 255, 255, 255), (768, 50, 255, 255, 255), (974, 50, 255, 255, 255), (50, 192, 0, 125, 123), (256, 192, 255, 255, 255), (512, 192, 255, 255, 255)]
DONE
