START id=0
connected
S0_initial: W=12% B=8% G=0% BL=0% O=77% green=0% teal=0%
  samples: [(50, 50, 167, 199, 223), (160, 50, 231, 239, 247), (320, 50, 191, 215, 231), (480, 50, 175, 199, 223), (590, 50, 183, 207, 231), (50, 100, 167, 199, 223), (160, 100, 215, 223, 239), (320, 100, 56, 56, 56)]
closing all windows...
S1_cleared: W=12% B=8% G=0% BL=0% O=77% green=0% teal=0%
  samples: [(50, 50, 167, 199, 223), (160, 50, 231, 239, 247), (320, 50, 191, 215, 231), (480, 50, 175, 199, 223), (590, 50, 183, 207, 231), (50, 100, 167, 199, 223), (160, 100, 215, 223, 239), (320, 100, 56, 56, 56)]
opening Start menu...
S2_start_menu: W=12% B=8% G=0% BL=0% O=77% green=0% teal=0%
  samples: [(50, 50, 167, 199, 223), (160, 50, 231, 239, 247), (320, 50, 191, 215, 231), (480, 50, 175, 199, 223), (590, 50, 183, 207, 231), (50, 100, 167, 199, 223), (160, 100, 215, 223, 239), (320, 100, 56, 56, 56)]
selecting Run...
